CCT_xc_class_000_distance<=0.0034893089905381203:M0|121.0|4124.0|0.055383274995456366
CCT_xc_class_000_distance>1.9969177842140198:U0|3830.0|113.0|0.055674158174221035
CCT_xc_class_000_count1<=0.5:U0|4818.0|482.0|0.16534538981844074
CCT_xc_class_000_count1>0.5:M0|482.0|4818.0|0.1653453898184407
CCT_xc_class_000_count7>6.5:M0|116.0|3800.0|0.057489193388012394
CCT_xc_class_000_count7<=0.5:U0|3800.0|116.0|0.05748919338801235
CCT_x4_class_000_distance<=0.19282157719135284:M0|0.0|951.0|0.0
CCT_x4_class_000_distance>0.923163652420044:U0|1760.0|3.0|0.0033974986559610586
CCT_x4_class_000_count1<=0.5:U0|4983.0|317.0|0.1124678533285866
CCT_x4_class_000_count1>0.5:M0|317.0|4983.0|0.11246785332858655
CCT_x4_class_000_count7>6.5:M0|58.0|4400.0|0.025682100280550735
CCT_x4_class_000_count7<=0.5:U0|4400.0|58.0|0.025682100280550752
r50_xc_class_000_distance<=0.0014035165077075362:M0|341.0|3814.0|0.15066868821146873
r50_xc_class_000_distance>1.9904601573944092:U0|3704.0|334.0|0.15174514720359664
r50_xc_class_000_count7>6.5:M0|133.0|3033.0|0.08048820199138906
r50_xc_class_000_count7<=0.5:U0|3033.0|133.0|0.08048820199138908
r50_xc_class_000_xs5>4.5:M0|213.0|3626.0|0.10480962681235706
r50_xc_class_000_xs5<=0.5:U0|3626.0|213.0|0.1048096268123571
r50_xc_class_000_xs3>2.5:M0|310.0|4010.0|0.13321973593964342
r50_xc_class_000_xs3<=0.5:U0|4010.0|310.0|0.13321973593964342
r50_xc_class_000_all3>2.5:M0|337.0|4139.0|0.13924357570631907
r50_xc_class_000_all3<=0.5:U0|4139.0|337.0|0.139243575706319
r50_xc_class_000_all5>4.5:M0|248.0|3828.0|0.11428395326866081
r50_xc_class_000_all5<=0.5:U0|3828.0|248.0|0.11428395326866084
r50_x4_class_000_distance<=0.05716228671371937:M0|2.0|912.0|0.004366791318129337
r50_x4_class_000_distance>0.32170499861240387:U0|214.0|0.0|0.0
r50_x4_class_000_count1<=0.5:U0|4971.0|329.0|0.11644421502313995
r50_x4_class_000_count1>0.5:M0|329.0|4971.0|0.11644421502313995
r50_x4_class_000_count7>6.5:M0|60.0|4370.0|0.026721155267033225
r50_x4_class_000_count7<=0.5:U0|4370.0|60.0|0.026721155267033236
CCT_xc_class_001_distance<=0.0034893089905381203:M1|121.0|4124.0|0.055383274995456366
CCT_xc_class_001_distance>1.9969177842140198:U1|3830.0|113.0|0.055674158174221035
CCT_xc_class_001_count1<=0.5:U1|4818.0|482.0|0.16534538981844074
CCT_xc_class_001_count1>0.5:M1|482.0|4818.0|0.1653453898184407
CCT_xc_class_001_count7>6.5:M1|116.0|3800.0|0.057489193388012394
CCT_xc_class_001_count7<=0.5:U1|3800.0|116.0|0.05748919338801235
CCT_x4_class_001_distance<=0.19282157719135284:M1|0.0|951.0|0.0
CCT_x4_class_001_distance>0.923163652420044:U1|1760.0|3.0|0.0033974986559610586
CCT_x4_class_001_count1<=0.5:U1|4983.0|317.0|0.1124678533285866
CCT_x4_class_001_count1>0.5:M1|317.0|4983.0|0.11246785332858655
CCT_x4_class_001_count7>6.5:M1|58.0|4400.0|0.025682100280550735
CCT_x4_class_001_count7<=0.5:U1|4400.0|58.0|0.025682100280550752
r50_xc_class_001_distance<=0.0014035165077075362:M1|341.0|3814.0|0.15066868821146873
r50_xc_class_001_distance>1.9904601573944092:U1|3704.0|334.0|0.15174514720359664
r50_xc_class_001_count7>6.5:M1|133.0|3033.0|0.08048820199138906
r50_xc_class_001_count7<=0.5:U1|3033.0|133.0|0.08048820199138908
r50_xc_class_001_xs5>4.5:M1|213.0|3626.0|0.10480962681235706
r50_xc_class_001_xs5<=0.5:U1|3626.0|213.0|0.1048096268123571
r50_xc_class_001_xs3>2.5:M1|310.0|4010.0|0.13321973593964342
r50_xc_class_001_xs3<=0.5:U1|4010.0|310.0|0.13321973593964342
r50_xc_class_001_all3>2.5:M1|337.0|4139.0|0.13924357570631907
r50_xc_class_001_all3<=0.5:U1|4139.0|337.0|0.139243575706319
r50_xc_class_001_all5>4.5:M1|248.0|3828.0|0.11428395326866081
r50_xc_class_001_all5<=0.5:U1|3828.0|248.0|0.11428395326866084
r50_x4_class_001_distance<=0.05716228671371937:M1|2.0|912.0|0.004366791318129337
r50_x4_class_001_distance>0.32170499861240387:U1|214.0|0.0|0.0
r50_x4_class_001_count1<=0.5:U1|4971.0|329.0|0.11644421502313995
r50_x4_class_001_count1>0.5:M1|329.0|4971.0|0.11644421502313995
r50_x4_class_001_count7>6.5:M1|60.0|4370.0|0.026721155267033225
r50_x4_class_001_count7<=0.5:U1|4370.0|60.0|0.026721155267033236
